
58 68 0.47681 0 19 78 0.88257 1 32 78 0.46831 
34 85 0.44937 3 13 90 0.83046 4 77 118 0.20499 
28 86 0.44215 6 0 92 0.58130 7 27 119 0.36105 
30 97 0.16567 9 12 112 0.69290 10 20 191 0.19978 
26 105 0.35278 
39 84 0.38190 13 22 88 0.74889 
44 93 0.33735 15 29 103 0.41134 
38 85 0.37431 17 20 107 0.22097 
16 125 0.23027 
NaN 
NaN 
29 118 0.19587 
NaN 
NaN 
43 49 0.63599 21 17 76 0.88054 22 31 76 0.53811 
74 46 0.77917 24 20 76 0.76937 25 33 76 0.47429 26 0 137 0.25364 
34 52 0.16886 28 9 76 0.84378 29 29 77 0.37585 
95 47 0.56093 