
59 71 0.47940 0 16 81 0.85813 1 30 81 0.75020 
31 87 0.76418 3 10 93 0.81018 4 76 122 0.23751 
24 88 0.72689 6 0 94 0.75471 7 27 122 0.37118 
25 99 0.50008 9 10 115 0.71902 10 19 191 0.17352 
35 98 0.46560 12 26 109 0.34635 
37 87 0.69505 14 18 91 0.78637 
41 95 0.61938 16 26 105 0.42801 
35 89 0.53976 18 29 104 0.20078 
30 106 0.39000 20 13 126 0.24943 
NaN 
NaN 
38 105 0.39985 22 24 121 0.21918 
NaN 
NaN 
44 53 0.65516 24 14 79 0.86458 25 28 80 0.71621 
75 51 0.76196 27 17 79 0.77315 28 31 80 0.73913 
33 52 0.30656 30 6 80 0.83263 31 27 80 0.55905 
95 53 0.60311 33 34 80 0.40934 34 0 138 0.23630 