
59 70 0.48358 0 30 80 0.57575 1 17 81 0.84773 
32 87 0.61364 3 11 92 0.81836 4 76 121 0.20378 5 77 122 0.20492 
26 88 0.60041 7 0 93 0.73679 8 26 122 0.38401 
28 98 0.38234 10 11 114 0.68449 11 21 178 0.26540 
37 96 0.34824 13 25 108 0.27229 
38 86 0.54265 15 19 91 0.79294 
42 94 0.46519 17 26 104 0.49475 
35 88 0.44051 19 30 103 0.15854 
32 105 0.23384 21 13 124 0.23147 
NaN 
NaN 
40 103 0.21320 23 25 119 0.22793 
NaN 
NaN 
44 53 0.70004 25 14 78 0.86912 26 29 79 0.62577 
75 50 0.78920 28 18 78 0.75743 29 31 79 0.59747 30 0 140 0.18342 
33 50 0.33339 32 7 79 0.79534 33 28 80 0.45172 
95 51 0.61709 35 35 79 0.30752 