
58 69 0.47985 0 18 79 0.83920 1 31 79 0.65835 2 0 145 0.18206 
32 86 0.64518 4 12 92 0.80890 5 78 120 0.20747 
26 87 0.63844 7 0 93 0.64574 8 27 121 0.36196 
28 97 0.33698 10 12 113 0.69730 11 19 191 0.22906 
38 95 0.31794 13 25 107 0.31347 
39 85 0.59906 15 21 91 0.76222 
43 94 0.46623 17 28 104 0.45007 
36 87 0.45300 19 19 109 0.16736 20 18 110 0.17075 
32 104 0.23725 22 14 126 0.25107 
NaN 
NaN 
40 102 0.24087 24 26 120 0.23440 
NaN 
NaN 
43 51 0.57230 26 16 77 0.84466 27 30 78 0.69882 
75 48 0.78522 29 20 77 0.67375 30 32 78 0.67585 31 0 140 0.37212 
33 51 0.17761 33 9 78 0.82372 34 28 79 0.54665 
95 50 0.57828 36 35 78 0.35594 37 6 139 0.17299 