
45 78 0.64132 0 0 84 0.19495 
40 96 0.82086 
52 95 0.23819 3 28 96 0.52311 
59 115 0.22398 5 23 120 0.47373 
63 133 0.23230 7 24 139 0.51576 
51 94 0.56563 9 27 98 0.25261 
59 114 0.53054 11 22 121 0.23717 
64 132 0.51929 13 23 140 0.21732 
51 129 0.19947 15 37 131 0.35422 
46 163 0.33073 
52 191 0.34938 
52 128 0.35837 19 35 130 0.21114 
43 159 0.22177 21 57 162 0.32084 
49 182 0.15252 23 63 190 0.12154 
42 76 0.64770 25 0 80 0.14519 
46 76 0.57826 27 0 80 0.18673 
36 79 0.56256 
30 84 0.11534 